v: 1.0 1.0 -1.0 1.0 -1.0 -1.0 -1.0 -0.9999998 -1.0 -0.9999997 1.0 -1.0 1.0 0.9999995 1.0 0.9999994 -1.000001 1.0 -1.0 -0.9999997 1.0 -1.0 1.0 1.0
vt: 0.0 0.0 1.0 1.0 0.0 1.0 1.0 0.0 0.0 1.0 0.0 0.0 1.0 0.0 0.0 1.0 0.0 0.0 1.0 0.0 0.0 1.0 0.0 0.0 0.0 0.0 1.0 1.0 0.0 1.0 1.0 0.0 0.0 1.0 0.0 0.0 0.0 0.0 1.0 0.0 1.0 1.0 1.0 0.0 1.0 1.0 0.0 1.0 1.0 0.0 1.0 1.0 0.0 1.0 1.0 0.0 1.0 1.0 0.0 1.0 0.0 0.0 1.0 0.0 1.0 1.0 1.0 0.0 1.0 1.0 0.0 1.0
vn: 0.0 -1.0 -0.0 0.0 1.0 -0.0 1.0 -2.38419E-7 -0.0 0.0 -4.76837E-7 1.0 -1.0 -1.49012E-7 -2.38419E-7 2.68221E-7 2.38419E-7 -1.0 0.0 -1.0 -0.0 0.0 1.0 -0.0 1.0 3.27825E-7 5.96046E-7 -4.76837E-7 0.0 1.0 -1.0 -1.19209E-7 -2.38419E-7 2.08616E-7 0.0 -1.0
f: 0 0 0 2 0 1 3 0 2 7 1 3 5 1 4 4 1 5 4 2 6 1 2 7 0 2 8 5 3 9 2 3 10 1 3 11 2 4 12 7 4 13 3 4 14 0 5 15 7 5 16 4 5 17 0 6 18 1 6 19 2 6 20 7 7 21 6 7 22 5 7 23 4 8 24 5 8 25 1 8 26 5 9 27 6 9 28 2 9 29 2 10 30 6 10 31 7 10 32 0 11 33 3 11 34 7 11 35