v: -1.0 -1.0 0.0 1.0 -1.0 0.0 -1.0 1.0 0.0 1.0 1.0 0.0
vt: 0.9999001 9.998E-5 9.998E-5 0.9999001 1.0004E-4 9.998E-5 0.9999001 9.998E-5 0.9999001 0.9999001 9.998E-5 0.9999001
vn: 0.0 1.0 -0.0
f: 1 0 0 2 0 1 0 0 2 1 0 3 3 0 4 2 0 5